1 2 3 5
1 5 7 17
1 2 3 4 5 27
1 3 4 7 9 21 31 43 63 76 123 569578 983654 983655 983656 983657 1008403
1 11 13 17 23 74 75 76 77 78 256987 678365 987654 1070011
1 11 111 1111 11111 111111
1 3 4 7 8 10 11 12 589
1 2 4 7 45 71 82 93 104 105 106 1357 3568 5687 10487 45678 398565 398566 1003576
1 12 123 1234 12345 123456
1 3 6 7 8 23 24 25 26 37 48 103 105 106 20045 56700 123456 123457 123458 509876 1048576
1 3 56 78 79 204 205 208 306 407 501 700 1003 200091 200092 300345 1000023
1 2 34 506 608 809 999 1034 2056 3041 3042 3043 10068 10069 20000 20002 1203023
1 2 3 5 12 15 17 18 19 20 32 1024
1 123 480 589 1945 4968 4969 4970 34038 683753
1 34 37 38 39 40 234 254 185736
1 23 45 46 56 57 58 346 568 968 198432
1 21 35 47 48 49 59 78 88 97 103 104 12968
1 3 4 5 6 7 8 34 578 4569 49867 234967 1357652